1850             0.39
1851             0.40
1852             0.37
1853             0.38
1854             0.31
1855             0.17
1856            -0.48
1857            -0.18
1858            -0.29
1859             0.32
1860             0.34
1861             0.42
1862             0.25
1863             0.27
1864             0.34
1865             0.33
1866             0.36
1867             0.35
1868             0.41
1869             0.45
1870             0.43
1871             0.47
1872             0.39
1873             0.38
1874             0.35
1875             0.33
1876             0.33
1877             0.27
1878             0.33
1879             0.34
1880             0.35
1881             0.22
1882             0.11
1883             0.17
1884            -0.74
1885            -0.28
1886            -0.63
1887             0.01
1888            -0.12
1889            -0.04
1890            -0.13
1891             0.00
1892             0.20
1893             0.40
1894             0.47
1895             0.39
1896             0.41
1897             0.24
1898             0.24
1899             0.38
1900             0.31
1901             0.23
1902            -0.43
1903             0.21
1904            -0.01
1905             0.25
1906             0.36
1907             0.34
1908             0.36
1909             0.45
1910             0.47
1911             0.41
1912             0.08
1913             0.45
1914             0.28
1915             0.37
1916             0.54
1917             0.64
1918             0.64
1919             0.61
1920             0.51
1921             0.49
1922             0.55
1923             0.60
1924             0.61
1925             0.65
1926             0.71
1927             0.67
1928             0.71
1929             0.66
1930             0.63
1931             0.67
1932             0.62
1933             0.69
1934             0.67
1935             0.76
1936             0.79
1937             0.83
1938             0.83
1939             0.81
1940             0.84
1941             0.84
1942             0.77
1943             0.75
1944             0.82
1945             0.81
1946             0.87
1947             0.88
1948             0.88
1949             0.89
1950             0.80
1951             0.83
1952             0.80
1953             0.73
1954             0.73
1955             0.83
1956             0.81
1957             0.94
1958             0.94
1959             0.98
1960             0.88
1961             0.87
1962             0.65
1963            -0.24
1964             0.52
1965            -0.01
1966             0.45
1967             0.56
1968             0.70
1969             0.76
1970             0.92
1971             1.05
1972             1.01
1973             0.96
1974             0.97
1975             0.82
1976             0.93
1977             1.27
1978             1.23
1979             1.42
1980             1.38
1981             0.93
1982             0.91
1983             0.37
1984             0.53
1985             1.23
1986             1.36
1987             1.36
1988             1.65
1989             1.53
1990             1.48
1991             1.61
1992             1.34
1993             1.35
1994             1.41
1995             1.57
1996             1.66
1997             1.77
1998             1.91
1999             1.94
2000             2.03
2001             2.09
2002             2.14
2003             2.14
2004             2.06
2005             2.12
2006             2.00
2007             1.97
2008             1.97
2009             2.07
2010             2.24
2011             2.30
2012             2.29
2013             2.36
2014             2.35
2015             2.39
2016             2.39
2017             2.46
2018             2.45
2019             2.53
2020             2.71
2021             2.75
2022             2.89
2023             2.85
2024             2.95
2025             2.96
2026             2.97
2027             3.01
2028             3.09
2029             3.08
2030             3.18
2031             3.36
2032             3.40
2033             3.49
2034             3.54
2035             3.66
2036             3.65
2037             3.71
2038             3.79
2039             3.79
2040             3.83
2041             3.96
2042             4.12
2043             4.08
2044             4.35
2045             4.39
2046             4.40
2047             4.47
2048             4.49
2049             4.60
2050             4.56
2051             4.72
2052             4.86
2053             4.90
2054             4.92
2055             5.15
2056             5.24
2057             5.22
2058             5.32
2059             5.32
2060             5.43
2061             5.42
2062             5.53
2063             5.70
2064             5.74
2065             5.78
2066             5.93
2067             6.08
2068             6.08
2069             6.14
2070             6.20
2071             6.18
2072             6.27
2073             6.38
2074             6.41
2075             6.64
2076             6.74
2077             6.73
2078             6.84
2079             6.87
2080             6.92
2081             6.93
2082             7.04
2083             7.02
2084             7.15
2085             7.24
2086             7.24
2087             7.50
2088             7.49
2089             7.58
2090             7.65
2091             7.70
2092             7.71
2093             7.78
2094             7.85
2095             7.91
2096             8.03
2097             7.98
2098             8.15
2099             8.24
2100             8.31
2101             8.35
2102             8.39
2103             8.40
2104             8.46
2105             8.48
2106             8.50
2107             8.67
2108             8.76
2109             8.79
2110             8.92
2111             8.97
2112             8.96
2113             8.99
2114             8.99
2115             9.04
2116             9.06
2117             9.13
2118             9.25
2119             9.33
2120             9.32
2121             9.41
2122             9.47
2123             9.52
2124             9.53
2125             9.53
2126             9.54
2127             9.59
2128             9.59
2129             9.75
2130             9.71
2131             9.95
2132             9.91
2133            10.00
2134            10.00
2135            10.01
2136            10.02
2137            10.03
2138            10.08
2139            10.12
2140            10.23
2141            10.22
2142            10.28
2143            10.44
2144            10.45
2145            10.47
2146            10.47
2147            10.47
2148            10.48
2149            10.52
2150            10.55
2151            10.65
2152            10.79
2153            10.75
2154            10.87
2155            10.88
2156            10.90
2157            10.91
2158            10.88
2159            10.90
2160            10.91
2161            10.94
2162            11.07
2163            11.05
2164            11.12
2165            11.24
2166            11.24
2167            11.28
2168            11.23
2169            11.24
2170            11.24
2171            11.24
2172            11.30
2173            11.33
2174            11.46
2175            11.43
2176            11.56
2177            11.58
2178            11.53
2179            11.54
2180            11.54
2181            11.53
2182            11.52
2183            11.57
2184            11.57
2185            11.74
2186            11.72
2187            11.80
2188            11.83
2189            11.79
2190            11.80
2191            11.75
2192            11.76
2193            11.77
2194            11.80
2195            11.87
2196            11.89
2197            11.91
2198            11.98
2199            12.02
2200            12.01
2201            11.96
2202            11.96
2203            11.93
2204            11.94
2205            11.94
2206            11.97
2207            12.11
2208            12.08
2209            12.15
2210            12.17
2211            12.16
2212            12.11
2213            12.10
2214            12.07
2215            12.08
2216            12.09
2217            12.15
2218            12.20
2219            12.26
2220            12.26
2221            12.30
2222            12.25
2223            12.25
2224            12.19
2225            12.18
2226            12.19
2227            12.20
2228            12.25
2229            12.22
2230            12.31
2231            12.36
2232            12.33
2233            12.34
2234            12.29
2235            12.28
2236            12.23
2237            12.23
2238            12.25
2239            12.29
2240            12.27
2241            12.38
2242            12.39
2243            12.39
2244            12.39
2245            12.32
2246            12.26
2247            12.27
2248            12.29
2249            12.30
2250            12.32
2251            12.32
2252            12.33
2253            12.33
2254            12.33
2255            12.33
2256            12.33
2257            12.33
2258            12.33
2259            12.33
2260            12.33
2261            12.33
2262            12.33
2263            12.33
2264            12.33
2265            12.33
2266            12.33
2267            12.33
2268            12.33
2269            12.33
2270            12.33
2271            12.33
2272            12.33
2273            12.33
2274            12.33
2275            12.33
2276            12.33
2277            12.33
2278            12.33
2279            12.33
2280            12.33
2281            12.33
2282            12.33
2283            12.33
2284            12.33
2285            12.33
2286            12.33
2287            12.33
2288            12.33
2289            12.33
2290            12.33
2291            12.33
2292            12.33
2293            12.33
2294            12.33
2295            12.33
2296            12.33
2297            12.33
2298            12.33
2299            12.33
2300            12.33
2301            12.33
2302            12.33
2303            12.33
2304            12.33
2305            12.33
2306            12.33
2307            12.33
2308            12.33
2309            12.33
2310            12.33
2311            12.33
2312            12.33
2313            12.33
2314            12.33
2315            12.33
2316            12.33
2317            12.33
2318            12.33
2319            12.33
2320            12.33
2321            12.33
2322            12.33
2323            12.33
2324            12.33
2325            12.33
2326            12.33
2327            12.33
2328            12.33
2329            12.33
2330            12.33
2331            12.33
2332            12.33
2333            12.33
2334            12.33
2335            12.33
2336            12.33
2337            12.33
2338            12.33
2339            12.33
2340            12.33
2341            12.33
2342            12.33
2343            12.33
2344            12.33
2345            12.33
2346            12.33
2347            12.33
2348            12.33
2349            12.33
2350            12.33
2351            12.33
2352            12.33
2353            12.33
2354            12.33
2355            12.33
2356            12.33
2357            12.33
2358            12.33
2359            12.33
2360            12.33
2361            12.33
2362            12.33
2363            12.33
2364            12.33
2365            12.33
2366            12.33
2367            12.33
2368            12.33
2369            12.33
2370            12.33
2371            12.33
2372            12.33
2373            12.33
2374            12.33
2375            12.33
2376            12.33
2377            12.33
2378            12.33
2379            12.33
2380            12.33
2381            12.33
2382            12.33
2383            12.33
2384            12.33
2385            12.33
2386            12.33
2387            12.33
2388            12.33
2389            12.33
2390            12.33
2391            12.33
2392            12.33
2393            12.33
2394            12.33
2395            12.33
2396            12.33
2397            12.33
2398            12.33
2399            12.33
2400            12.33
2401            12.33
2402            12.33
2403            12.33
2404            12.33
2405            12.33
2406            12.33
2407            12.33
2408            12.33
2409            12.33
2410            12.33
2411            12.33
2412            12.33
2413            12.33
2414            12.33
2415            12.33
2416            12.33
2417            12.33
2418            12.33
2419            12.33
2420            12.33
2421            12.33
2422            12.33
2423            12.33
2424            12.33
2425            12.33
2426            12.33
2427            12.33
2428            12.33
2429            12.33
2430            12.33
2431            12.33
2432            12.33
2433            12.33
2434            12.33
2435            12.33
2436            12.33
2437            12.33
2438            12.33
2439            12.33
2440            12.33
2441            12.33
2442            12.33
2443            12.33
2444            12.33
2445            12.33
2446            12.33
2447            12.33
2448            12.33
2449            12.33
2450            12.33
2451            12.33
2452            12.33
2453            12.33
2454            12.33
2455            12.33
2456            12.33
2457            12.33
2458            12.33
2459            12.33
2460            12.33
2461            12.33
2462            12.33
2463            12.33
2464            12.33
2465            12.33
2466            12.33
2467            12.33
2468            12.33
2469            12.33
2470            12.33
2471            12.33
2472            12.33
2473            12.33
2474            12.33
2475            12.33
2476            12.33
2477            12.33
2478            12.33
2479            12.33
2480            12.33
2481            12.33
2482            12.33
2483            12.33
2484            12.33
2485            12.33
2486            12.33
2487            12.33
2488            12.33
2489            12.33
2490            12.33
2491            12.33
2492            12.33
2493            12.33
2494            12.33
2495            12.33
2496            12.33
2497            12.33
2498            12.32
2499 9969209968386869046778552952102584320.00
2500 9969209968386869046778552952102584320.00
